0 {(16, (-132, 101, -1110), (0, -1, 2, 1, 1, 1)), (0, (0, 0, 0), (0, 1, 1, 1, 2, 1)), (18, (-29, 100, 1336), (1, -1, 0, -1, 2, -1)), (10, (3, -1190, 85), (1, 1, 2, 1, 0, 1))}
1 {(1, (0, 0, 0), (0, 1, 1, 1, 2, 1)), (8, (6, -62, -1085), (1, 1, 2, 1, 0, 1))}
2 {(2, (0, 0, 0), (0, 1, 1, 1, 2, 1)), (21, (57, -169, 1190), (1, -1, 0, 1, 2, 1)), (14, (-1225, -146, 155), (2, -1, 0, 1, 1, -1)), (7, (-100, 1052, 142), (2, -1, 1, -1, 0, -1)), (8, (20, -1359, 19), (2, -1, 0, -1, 1, 1))}
3 {(13, (1196, -5, -37), (2, -1, 0, 1, 1, -1)), (17, (48, 2, 1212), (2, -1, 1, -1, 0, -1)), (3, (0, 0, 0), (0, 1, 1, 1, 2, 1)), (28, (-1181, 54, 46), (1, 1, 0, 1, 2, -1))}
4 {(28, (-1204, -105, 130), (0, -1, 2, 1, 1, 1)), (4, (0, 0, 0), (0, 1, 1, 1, 2, 1))}
5 {(31, (-1228, 45, 95), (1, 1, 2, -1, 0, -1)), (27, (-38, 159, -1213), (0, -1, 2, -1, 1, -1)), (5, (0, 0, 0), (0, 1, 1, 1, 2, 1)), (11, (-53, 1296, -43), (2, 1, 0, 1, 1, 1))}
6 {(15, (-134, -34, 1126), (1, 1, 2, 1, 0, 1)), (6, (0, 0, 0), (0, 1, 1, 1, 2, 1)), (10, (1149, -133, 4), (0, 1, 1, -1, 2, -1)), (16, (-46, 2, -1287), (1, 1, 0, 1, 2, -1)), (30, (-143, -1358, 36), (2, -1, 0, 1, 1, -1))}
7 {(2, (142, 1052, -100), (2, -1, 1, -1, 0, -1)), (24, (102, -81, 1188), (0, 1, 1, -1, 2, -1)), (7, (0, 0, 0), (0, 1, 1, 1, 2, 1)), (20, (-26, -1227, -124), (0, -1, 1, -1, 2, 1)), (18, (-1057, -94, -60), (2, -1, 0, 1, 1, -1))}
8 {(8, (0, 0, 0), (0, 1, 1, 1, 2, 1)), (2, (-1359, -19, 20), (1, -1, 2, 1, 0, -1)), (1, (1085, -6, 62), (2, 1, 0, 1, 1, 1))}
9 {(9, (0, 0, 0), (0, 1, 1, 1, 2, 1)), (18, (103, -143, 1117), (0, -1, 2, 1, 1, 1)), (24, (90, -1302, -131), (1, 1, 0, -1, 2, 1))}
10 {(31, (18, -93, -1206), (2, 1, 1, -1, 0, 1)), (6, (-1149, -133, 4), (0, 1, 1, -1, 2, -1)), (21, (1260, -129, -25), (2, -1, 1, 1, 0, 1)), (10, (0, 0, 0), (0, 1, 1, 1, 2, 1)), (27, (-96, -1283, 102), (2, 1, 0, 1, 1, 1)), (0, (-85, -3, 1190), (2, 1, 0, 1, 1, 1))}
11 {(26, (1229, 14, 70), (2, 1, 1, -1, 0, 1)), (15, (50, 54, -1169), (1, -1, 0, 1, 2, 1)), (11, (0, 0, 0), (0, 1, 1, 1, 2, 1)), (32, (22, 1301, -37), (0, -1, 2, 1, 1, 1)), (5, (-1296, 43, 53), (1, 1, 2, 1, 0, 1))}
12 {(14, (-1190, -2, -52), (1, 1, 0, 1, 2, -1)), (23, (1342, 124, -97), (2, 1, 0, 1, 1, 1)), (19, (161, -1142, -78), (1, -1, 2, 1, 0, -1)), (12, (0, 0, 0), (0, 1, 1, 1, 2, 1))}
13 {(3, (5, -37, 1196), (1, 1, 2, -1, 0, -1)), (13, (0, 0, 0), (0, 1, 1, 1, 2, 1)), (25, (42, -1117, 62), (2, 1, 0, 1, 1, 1))}
14 {(14, (0, 0, 0), (0, 1, 1, 1, 2, 1)), (24, (1279, 115, 63), (1, 1, 0, 1, 2, -1)), (29, (116, 53, 1279), (1, -1, 0, -1, 2, -1)), (2, (146, 155, -1225), (1, 1, 2, -1, 0, -1)), (12, (2, 1190, -52), (1, 1, 0, 1, 2, -1))}
15 {(31, (84, 1301, -6), (0, -1, 2, 1, 1, 1)), (15, (0, 0, 0), (0, 1, 1, 1, 2, 1)), (11, (-54, 50, 1169), (1, 1, 0, -1, 2, 1)), (28, (1149, 26, -9), (2, 1, 1, -1, 0, 1)), (6, (-1126, 134, 34), (2, 1, 0, 1, 1, 1)), (17, (-17, -1203, -61), (0, 1, 2, 1, 1, -1))}
16 {(6, (-2, 46, -1287), (1, 1, 0, 1, 2, -1)), (0, (-132, 1110, -101), (0, -1, 2, 1, 1, 1)), (16, (0, 0, 0), (0, 1, 1, 1, 2, 1))}
17 {(17, (0, 0, 0), (0, 1, 1, 1, 2, 1)), (26, (-23, -1300, 24), (1, -1, 0, -1, 2, -1)), (15, (17, -61, 1203), (0, 1, 2, -1, 1, 1)), (3, (1212, 2, 48), (2, -1, 1, -1, 0, -1)), (25, (132, -35, -1086), (0, 1, 2, -1, 1, 1))}
18 {(7, (94, -60, -1057), (1, 1, 2, -1, 0, -1)), (9, (103, -1117, 143), (0, -1, 2, 1, 1, 1)), (21, (1315, 97, -9), (0, -1, 1, -1, 2, 1)), (18, (0, 0, 0), (0, 1, 1, 1, 2, 1)), (0, (100, -29, 1336), (1, -1, 0, -1, 2, -1))}
19 {(12, (-78, 161, 1142), (2, -1, 0, -1, 1, 1)), (19, (0, 0, 0), (0, 1, 1, 1, 2, 1))}
20 {(7, (-26, -1227, 124), (0, -1, 1, -1, 2, 1)), (22, (-72, 41, 1170), (1, -1, 2, -1, 0, 1)), (20, (0, 0, 0), (0, 1, 1, 1, 2, 1))}
21 {(10, (25, 129, 1260), (2, 1, 1, 1, 0, -1)), (21, (0, 0, 0), (0, 1, 1, 1, 2, 1)), (18, (1315, 97, 9), (0, -1, 1, -1, 2, 1)), (2, (169, 57, -1190), (1, 1, 0, -1, 2, 1))}
22 {(20, (-1170, -72, 41), (2, 1, 0, -1, 1, -1)), (22, (0, 0, 0), (0, 1, 1, 1, 2, 1)), (24, (142, 56, 1187), (2, -1, 0, 1, 1, -1))}
23 {(12, (-124, 97, -1342), (1, 1, 2, 1, 0, 1)), (23, (0, 0, 0), (0, 1, 1, 1, 2, 1))}
24 {(24, (0, 0, 0), (0, 1, 1, 1, 2, 1)), (7, (-102, -81, 1188), (0, 1, 1, -1, 2, -1)), (14, (-115, -1279, 63), (1, 1, 0, 1, 2, -1)), (9, (-1302, -90, 131), (1, -1, 0, 1, 2, 1)), (22, (-56, 1187, 142), (1, 1, 2, -1, 0, -1))}
25 {(25, (0, 0, 0), (0, 1, 1, 1, 2, 1)), (13, (1117, -62, -42), (1, 1, 2, 1, 0, 1)), (17, (-132, 1086, -35), (0, 1, 2, 1, 1, -1))}
26 {(17, (-1300, -23, 24), (1, -1, 0, -1, 2, -1)), (26, (0, 0, 0), (0, 1, 1, 1, 2, 1)), (11, (-70, 14, -1229), (2, 1, 1, -1, 0, 1))}
27 {(10, (1283, -102, 96), (1, 1, 2, 1, 0, 1)), (33, (-1156, -96, 0), (0, 1, 2, 1, 1, -1)), (5, (-38, -1213, 159), (0, -1, 2, -1, 1, -1)), (27, (0, 0, 0), (0, 1, 1, 1, 2, 1))}
28 {(3, (-54, 1181, 46), (1, 1, 0, 1, 2, -1)), (28, (0, 0, 0), (0, 1, 1, 1, 2, 1)), (32, (1141, -2, 98), (1, 1, 0, -1, 2, 1)), (15, (9, 26, -1149), (2, 1, 1, -1, 0, 1)), (4, (-1204, -130, 105), (0, -1, 2, 1, 1, 1))}
29 {(14, (53, 116, 1279), (1, -1, 0, -1, 2, -1)), (29, (0, 0, 0), (0, 1, 1, 1, 2, 1))}
30 {(6, (1358, 36, -143), (1, 1, 2, -1, 0, -1)), (30, (0, 0, 0), (0, 1, 1, 1, 2, 1))}
31 {(5, (95, 1228, 45), (2, -1, 0, 1, 1, -1)), (10, (1206, -93, -18), (2, 1, 1, -1, 0, 1)), (31, (0, 0, 0), (0, 1, 1, 1, 2, 1)), (15, (84, 6, -1301), (0, -1, 2, 1, 1, 1))}
32 {(28, (-2, -1141, -98), (1, -1, 0, 1, 2, 1)), (32, (0, 0, 0), (0, 1, 1, 1, 2, 1)), (11, (22, 37, -1301), (0, -1, 2, 1, 1, 1))}
33 {(33, (0, 0, 0), (0, 1, 1, 1, 2, 1)), (27, (1156, 0, 96), (0, 1, 2, -1, 1, 1))}